128 128
00000000000000000000000000000000000000000000000000000000000000000000000000000000000000000000000000000000000000000000000000000000
00000000000000000000000000000000000000000000000000000000000000000000000000000000000000000000000000000000000000000000000000000000
00000000000000000000000000000000000000000000000000000000000000000000000000000000000000000000000000000000000000000000000000000000
00000000000000000000000000000000000000000000000000000000000000000000000000000000000000000000000000000000000000000000000000000000
00000000000000000000000000000000000000000000000000000000000000000000000000000000000000000000000000000000000000000000000000000000
00000000000000000000000000000000000000000000000000000000000000000000000000000000000000000000000000000000000000000000000000000000
00000000000000000000000000000000000000000000000000000000000000000000000000000000000000000000000000000000000000000000000000000000
00000000000000000000000000000000000000000000000000000000000000000000000000000000000000000000000000000000000000000000000000000000
00000000000000000000000000000000000000000000000000000000000000000000000000000000000000000000000000000000000000000000000000000000
11111111111111111111111111111111111111111111111111111111111111111111111111111111111111111111111111111111111111111111111111111111
00000000000000000000000000000000000000000000000000000000000000000000000000000000000000000000000000000000000000000000000000000000
00000000000000000000000000000000000000000000000000000000000000000000000000000000000000000000000000000000000000000000000000000000
00000000000000000000000000000000000000000000000000000000000000000000000000000000000000000000000000000000000000000000000000000000
00000000000000000000000000000000000000000000000000000000000000000000000000000000000000000000000000000000000000000000000000000000
00000000000000000000000000000000000000000000000000000000000000000000000000000000000000000000000000000000000000000000000000000000
00000000000000000000000000000000000000000000000000000000000000000000000000000000000000000000000000000000000000000000000000000000
00000000000000000000000000000000000000000000000000000000000000000000000000000000000000000000000000000000000000000000000000000000
00000000000000000000000000000000000000000000000000000000000000000000000000000000000000000000000000000000000000000000000000000000
00000000000000000000000000000000000000000000000000000000000000000000000000000000000000000000000000000000000000000000000000000000
22222222222222222222222222222222222222222222222222222222222222222222222222222222222222222222222222222222222222222222222222222222
00000000000000000000000000000000000000000000000000000000000000000000000000000000000000000000000000000000000000000000000000000000
00000000000000000000000000000000000000000000000000000000000000000000000000000000000000000000000000000000000000000000000000000000
00000000000000000000000000000000000000000000000000000000000000000000000000000000000000000000000000000000000000000000000000000000
00000000000000000000000000000000000000000000000000000000000000000000000000000000000000000000000000000000000000000000000000000000
00000000000000000000000000000000000000000000000000000000000000000000000000000000000000000000000000000000000000000000000000000000
00000000000000000000000000000000000000000000000000000000000000000000000000000000000000000000000000000000000000000000000000000000
00000000000000000000000000000000000000000000000000000000000000000000000000000000000000000000000000000000000000000000000000000000
00000000000000000000000000000000000000000000000000000000000000000000000000000000000000000000000000000000000000000000000000000000
00000000000000000000000000000000000000000000000000000000000000000000000000000000000000000000000000000000000000000000000000000000
33333333333333333333333333333333333333333333333333333333333333333333333333333333333333333333333333333333333333333333333333333333
00000000000000000000000000000000000000000000000000000000000000000000000000000000000000000000000000000000000000000000000000000000
00000000000000000000000000000000000000000000000000000000000000000000000000000000000000000000000000000000000000000000000000000000
00000000000000000000000000000000000000000000000000000000000000000000000000000000000000000000000000000000000000000000000000000000
00000000000000000000000000000000000000000000000000000000000000000000000000000000000000000000000000000000000000000000000000000000
00000000000000000000000000000000000000000000000000000000000000000000000000000000000000000000000000000000000000000000000000000000
00000000000000000000000000000000000000000000000000000000000000000000000000000000000000000000000000000000000000000000000000000000
00000000000000000000000000000000000000000000000000000000000000000000000000000000000000000000000000000000000000000000000000000000
00000000000000000000000000000000000000000000000000000000000000000000000000000000000000000000000000000000000000000000000000000000
00000000000000000000000000000000000000000000000000000000000000000000000000000000000000000000000000000000000000000000000000000000
44444444444444444444444444444444444444444444444444444444444444444444444444444444444444444444444444444444444444444444444444444444
00000000000000000000000000000000000000000000000000000000000000000000000000000000000000000000000000000000000000000000000000000000
00000000000000000000000000000000000000000000000000000000000000000000000000000000000000000000000000000000000000000000000000000000
00000000000000000000000000000000000000000000000000000000000000000000000000000000000000000000000000000000000000000000000000000000
00000000000000000000000000000000000000000000000000000000000000000000000000000000000000000000000000000000000000000000000000000000
00000000000000000000000000000000000000000000000000000000000000000000000000000000000000000000000000000000000000000000000000000000
00000000000000000000000000000000000000000000000000000000000000000000000000000000000000000000000000000000000000000000000000000000
00000000000000000000000000000000000000000000000000000000000000000000000000000000000000000000000000000000000000000000000000000000
00000000000000000000000000000000000000000000000000000000000000000000000000000000000000000000000000000000000000000000000000000000
00000000000000000000000000000000000000000000000000000000000000000000000000000000000000000000000000000000000000000000000000000000
55555555555555555555555555555555555555555555555555555555555555555555555555555555555555555555555555555555555555555555555555555555
00000000000000000000000000000000000000000000000000000000000000000000000000000000000000000000000000000000000000000000000000000000
00000000000000000000000000000000000000000000000000000000000000000000000000000000000000000000000000000000000000000000000000000000
00000000000000000000000000000000000000000000000000000000000000000000000000000000000000000000000000000000000000000000000000000000
00000000000000000000000000000000000000000000000000000000000000000000000000000000000000000000000000000000000000000000000000000000
00000000000000000000000000000000000000000000000000000000000000000000000000000000000000000000000000000000000000000000000000000000
00000000000000000000000000000000000000000000000000000000000000000000000000000000000000000000000000000000000000000000000000000000
00000000000000000000000000000000000000000000000000000000000000000000000000000000000000000000000000000000000000000000000000000000
00000000000000000000000000000000000000000000000000000000000000000000000000000000000000000000000000000000000000000000000000000000
00000000000000000000000000000000000000000000000000000000000000000000000000000000000000000000000000000000000000000000000000000000
66666666666666666666666666666666666666666666666666666666666666666666666666666666666666666666666666666666666666666666666666666666
00000000000000000000000000000000000000000000000000000000000000000000000000000000000000000000000000000000000000000000000000000000
00000000000000000000000000000000000000000000000000000000000000000000000000000000000000000000000000000000000000000000000000000000
00000000000000000000000000000000000000000000000000000000000000000000000000000000000000000000000000000000000000000000000000000000
00000000000000000000000000000000000000000000000000000000000000000000000000000000000000000000000000000000000000000000000000000000
00000000000000000000000000000000000000000000000000000000000000000000000000000000000000000000000000000000000000000000000000000000
00000000000000000000000000000000000000000000000000000000000000000000000000000000000000000000000000000000000000000000000000000000
00000000000000000000000000000000000000000000000000000000000000000000000000000000000000000000000000000000000000000000000000000000
00000000000000000000000000000000000000000000000000000000000000000000000000000000000000000000000000000000000000000000000000000000
00000000000000000000000000000000000000000000000000000000000000000000000000000000000000000000000000000000000000000000000000000000
77777777777777777777777777777777777777777777777777777777777777777777777777777777777777777777777777777777777777777777777777777777
00000000000000000000000000000000000000000000000000000000000000000000000000000000000000000000000000000000000000000000000000000000
00000000000000000000000000000000000000000000000000000000000000000000000000000000000000000000000000000000000000000000000000000000
00000000000000000000000000000000000000000000000000000000000000000000000000000000000000000000000000000000000000000000000000000000
00000000000000000000000000000000000000000000000000000000000000000000000000000000000000000000000000000000000000000000000000000000
00000000000000000000000000000000000000000000000000000000000000000000000000000000000000000000000000000000000000000000000000000000
00000000000000000000000000000000000000000000000000000000000000000000000000000000000000000000000000000000000000000000000000000000
00000000000000000000000000000000000000000000000000000000000000000000000000000000000000000000000000000000000000000000000000000000
00000000000000000000000000000000000000000000000000000000000000000000000000000000000000000000000000000000000000000000000000000000
00000000000000000000000000000000000000000000000000000000000000000000000000000000000000000000000000000000000000000000000000000000
88888888888888888888888888888888888888888888888888888888888888888888888888888888888888888888888888888888888888888888888888888888
00000000000000000000000000000000000000000000000000000000000000000000000000000000000000000000000000000000000000000000000000000000
00000000000000000000000000000000000000000000000000000000000000000000000000000000000000000000000000000000000000000000000000000000
00000000000000000000000000000000000000000000000000000000000000000000000000000000000000000000000000000000000000000000000000000000
00000000000000000000000000000000000000000000000000000000000000000000000000000000000000000000000000000000000000000000000000000000
00000000000000000000000000000000000000000000000000000000000000000000000000000000000000000000000000000000000000000000000000000000
00000000000000000000000000000000000000000000000000000000000000000000000000000000000000000000000000000000000000000000000000000000
00000000000000000000000000000000000000000000000000000000000000000000000000000000000000000000000000000000000000000000000000000000
00000000000000000000000000000000000000000000000000000000000000000000000000000000000000000000000000000000000000000000000000000000
00000000000000000000000000000000000000000000000000000000000000000000000000000000000000000000000000000000000000000000000000000000
99999999999999999999999999999999999999999999999999999999999999099999999999999999999999999999999999999999999999999999999999999999
000000000000000000000000000000000000000000000000000000000000/919/000000000000000000000000000000000000000000000000000000000000000
000000000000000000000000000000000000000000000000000000000000/919/000000000000000000000000000000000000000000000000000000000000000
000000000000000000000000000000000000000000000000000000000000/919/000000000000000000000000000000000000000000000000000000000000000
000000000000000000000000000000000000000000000000000000000000/919/000000000000000000000000000000000000000000000000000000000000000
000000000000000000000000000000000000000000000000000000000000/919/000000000000000000000000000000000000000000000000000000000000000
000000000000000000000000000000000000000000000000000000000000/929/000000000000000000000000000000000000000000000000000000000000000
000000000000000000000000000000000000000000000000000000000000/929/000000000000000000000000000000000000000000000000000000000000000
000000000000000000000000000000000000000000000000000000000000/929/000000000000000000000000000000000000000000000000000000000000000
000000000000000000000000000000000000000000000000000000000000/929/000000000000000000000000000000000000000000000000000000000000000
000000000000000000000000000000000000000000000000000000000000/929/000000000000000000000000000000000000000000000000000000000000000
000000000000000000000000000000000000000000000000000000000000/939/000000000000000000000000000000000000000000000000000000000000000
000000000000000000000000000000000000000000000000000000000000/939/000000000000000000000000000000000000000000000000000000000000000
000000000000000000000000000000000000000000000000000000000000/939/000000000000000000000000000000000000000000000000000000000000000
000000000000000000000000000000000000000000000000000000000000/939/000000000000000000000000000000000000000000000000000000000000000
000000000000000000000000000000000000000000000000000000000000/939/000000000000000000000000000000000000000000000000000000000000000
000000000000000000000000000000000000000000000000000000000000/949/000000000000000000000000000000000000000000000000000000000000000
000000000000000000000000000000000000000000000000000000000000/949/000000000000000000000000000000000000000000000000000000000000000
000000000000000000000000000000000000000000000000000000000000/949/000000000000000000000000000000000000000000000000000000000000000
0000000000000000000000000000000000000000000000000000/////////949/////////0000000000000000000000000000000000000000000000000000000
0000000000000000000000000000000000000000000000000000/9999999994999999999/0000000000000000000000000000000000000000000000000000000
0000000000000000000000000000000000000000000000000000/9888888884888888889/0000000000000000000000000000000000000000000000000000000
0000000000000000000000000000000000000000000000000000/9877777774777777789/0000000000000000000000000000000000000000000000000000000
0000000000000000000000000000000000000000000000000000/9876666664666666789/0000000000000000000000000000000000000000000000000000000
0000000000000000000000000000000000000000000000000000/9876555554555556789/0000000000000000000000000000000000000000000000000000000
0000000000000000000000000000000000000000000000000000/9876544444444456789/0000000000000000000000000000000000000000000000000000000
0000000000000000000000000000000000000000000000000000/9876543333333456789/0000000000000000000000000000000000000000000000000000000
0000000000000000000000000000000000000000000000000000/9876543222223456789/0000000000000000000000000000000000000000000000000000000
0000000000000000000000000000000000000000000000000000/9876543211123456789/0000000000000000000000000000000000000000000000000000000
0000000000000000000000000000000000000000000000000000/9876543210123456789/0000000000000000000000000000000000000000000000000000000
0000000000000000000000000000000000000000000000000000/9876543211123456789/0000000000000000000000000000000000000000000000000000000
0000000000000000000000000000000000000000000000000000/9876543222223456789/0000000000000000000000000000000000000000000000000000000
0000000000000000000000000000000000000000000000000000/9876543333333456789/0000000000000000000000000000000000000000000000000000000
0000000000000000000000000000000000000000000000000000/9876544444444456789/0000000000000000000000000000000000000000000000000000000
0000000000000000000000000000000000000000000000000000/9876555555555556789/0000000000000000000000000000000000000000000000000000000
0000000000000000000000000000000000000000000000000000/9876666666666666789/0000000000000000000000000000000000000000000000000000000
0000000000000000000000000000000000000000000000000000/9877777777777777789/0000000000000000000000000000000000000000000000000000000
0000000000000000000000000000000000000000000000000000/9888888888888888889/0000000000000000000000000000000000000000000000000000000
0000000000000000000000000000000000000000000000000000/9999999999999999999/0000000000000000000000000000000000000000000000000000000